0 0.4110576923076923 0.8798076923076923 0.15384615384615385 0.23557692307692307
0 0.49038461538461536 0.6959134615384616 0.17307692307692307 0.2091346153846154
0 0.6358173076923077 0.5745192307692307 0.11298076923076923 0.1201923076923077
0 0.6430288461538461 0.47475961538461536 0.07932692307692307 0.07451923076923077
0 0.7980769230769231 0.45072115384615385 0.11538461538461539 0.0985576923076923
0 0.421875 0.5072115384615384 0.06490384615384616 0.0625
0 0.5216346153846154 0.4987980769230769 0.0625 0.06009615384615385
0 0.6887019230769231 0.34375 0.07932692307692307 0.11057692307692307
0 0.7836538461538461 0.27283653846153844 0.08173076923076923 0.06009615384615385
0 0.875 0.36899038461538464 0.16346153846153846 0.12259615384615384
0 0.43990384615384615 0.36899038461538464 0.08173076923076923 0.07932692307692307
0 0.3076923076923077 0.35216346153846156 0.07211538461538461 0.06971153846153846
0 0.5576923076923077 0.2091346153846154 0.09134615384615384 0.0673076923076923
0 0.1875 0.056490384615384616 0.19230769230769232 0.11298076923076923
0 0.31009615384615385 0.20432692307692307 0.0625 0.052884615384615384
0 0.5012019230769231 0.08533653846153846 0.06009615384615385 0.04567307692307692
0 0.6670673076923077 0.15745192307692307 0.0985576923076923 0.07932692307692307