0 0.46274038461538464 0.16105769230769232 0.15625 0.10576923076923077
0 0.5456730769230769 0.24519230769230768 0.10576923076923077 0.0625
0 0.6790865384615384 0.2439903846153846 0.15144230769230768 0.10336538461538461
0 0.8774038461538461 0.2956730769230769 0.23076923076923078 0.14423076923076922
0 0.6706730769230769 0.12980769230769232 0.08653846153846154 0.0673076923076923
0 0.6911057692307693 0.4567307692307692 0.0889423076923077 0.04326923076923077
0 0.6021634615384616 0.42908653846153844 0.0985576923076923 0.06009615384615385
0 0.46274038461538464 0.39783653846153844 0.07451923076923077 0.05048076923076923
0 0.2620192307692308 0.33052884615384615 0.07211538461538461 0.055288461538461536
0 0.3293269230769231 0.31490384615384615 0.07692307692307693 0.038461538461538464
0 0.44350961538461536 0.48197115384615385 0.07932692307692307 0.036057692307692304
0 0.3173076923076923 0.453125 0.08173076923076923 0.036057692307692304