0 0.3918269230769231 0.10697115384615384 0.17307692307692307 0.19951923076923078
0 0.6358173076923077 0.359375 0.16105769230769232 0.12259615384615384
0 0.36899038461538464 0.2920673076923077 0.19951923076923078 0.11778846153846154
0 0.2536057692307692 0.39903846153846156 0.1658653846153846 0.11057692307692307
0 0.3954326923076923 0.44350961538461536 0.04567307692307692 0.04567307692307692
0 0.5300480769230769 0.4266826923076923 0.08413461538461539 0.08413461538461539
0 0.6177884615384616 0.5829326923076923 0.04807692307692308 0.04567307692307692
0 0.9230769230769231 0.6322115384615384 0.1346153846153846 0.052884615384615384
0 0.34134615384615385 0.5805288461538461 0.09134615384615384 0.09375
0 0.20192307692307693 0.5 0.09134615384615384 0.07211538461538461
0 0.30288461538461536 0.6430288461538461 0.10096153846153846 0.04567307692307692
0 0.4326923076923077 0.6814903846153846 0.0625 0.03125
0 0.3737980769230769 0.7259615384615384 0.0889423076923077 0.057692307692307696