0 0.5264423076923077 0.8846153846153846 0.16826923076923078 0.21634615384615385
0 0.4855769230769231 0.6790865384615384 0.1778846153846154 0.2283653846153846
0 0.3557692307692308 0.5432692307692307 0.125 0.11538461538461539
0 0.5276442307692307 0.5 0.1658653846153846 0.10096153846153846
0 0.5901442307692307 0.3798076923076923 0.07932692307692307 0.07692307692307693
0 0.7139423076923077 0.3954326923076923 0.07692307692307693 0.0889423076923077
0 0.3629807692307692 0.4483173076923077 0.09134615384615384 0.07451923076923077
0 0.20552884615384615 0.40625 0.2091346153846154 0.11057692307692307
0 0.15264423076923078 0.3076923076923077 0.16105769230769232 0.10096153846153846
0 0.25961538461538464 0.2283653846153846 0.07211538461538461 0.052884615384615384
0 0.34375 0.3088942307692308 0.07692307692307693 0.0985576923076923
0 0.4987980769230769 0.19591346153846154 0.11778846153846154 0.06009615384615385
0 0.7427884615384616 0.23918269230769232 0.057692307692307696 0.06009615384615385
0 0.8918269230769231 0.11899038461538461 0.1875 0.10817307692307693