0 0.2860576923076923 0.15745192307692307 0.19230769230769232 0.19951923076923078
0 0.5853365384615384 0.33653846153846156 0.17548076923076922 0.11057692307692307
0 0.9447115384615384 0.5180288461538461 0.10576923076923077 0.0889423076923077
0 0.5072115384615384 0.421875 0.10576923076923077 0.06490384615384616
0 0.3161057692307692 0.3389423076923077 0.20432692307692307 0.08653846153846154
0 0.38221153846153844 0.47596153846153844 0.0625 0.04807692307692308
0 0.23677884615384615 0.4639423076923077 0.15144230769230768 0.1201923076923077
0 0.23677884615384615 0.5793269230769231 0.11778846153846154 0.057692307692307696
0 0.3858173076923077 0.6346153846153846 0.06490384615384616 0.04807692307692308
0 0.6382211538461539 0.5504807692307693 0.05048076923076923 0.052884615384615384
0 0.47836538461538464 0.6911057692307693 0.052884615384615384 0.036057692307692304
0 0.44471153846153844 0.7512019230769231 0.08173076923076923 0.06009615384615385
0 0.3401442307692308 0.6935096153846154 0.0889423076923077 0.036057692307692304