0 0.5817307692307693 0.8353365384615384 0.14423076923076922 0.0985576923076923
0 0.49038461538461536 0.7572115384615384 0.09134615384615384 0.04807692307692308
0 0.3485576923076923 0.7956730769230769 0.10096153846153846 0.0625
0 0.40024038461538464 0.8858173076923077 0.07932692307692307 0.06009615384615385
0 0.140625 0.7668269230769231 0.1466346153846154 0.07211538461538461
0 0.21514423076923078 0.7151442307692307 0.11298076923076923 0.055288461538461536
0 0.41346153846153844 0.7475961538461539 0.07211538461538461 0.057692307692307696
0 0.6983173076923077 0.6586538461538461 0.07932692307692307 0.03365384615384615
0 0.7704326923076923 0.6201923076923077 0.04567307692307692 0.028846153846153848
0 0.5552884615384616 0.5997596153846154 0.07211538461538461 0.040865384615384616
0 0.41586538461538464 0.5841346153846154 0.10576923076923077 0.04807692307692308
0 0.31850961538461536 0.5697115384615384 0.08413461538461539 0.04326923076923077
0 0.5817307692307693 0.5036057692307693 0.08653846153846154 0.040865384615384616
0 0.7007211538461539 0.5504807692307693 0.055288461538461536 0.028846153846153848