0 0.8286637931034483 0.7959905660377359 0.3426724137931034 0.32547169811320753
0 0.07112068965517242 0.7087264150943396 0.14224137931034483 0.08962264150943396
0 0.04956896551724138 0.9545990566037735 0.09051724137931035 0.07665094339622641
0 0.38362068965517243 0.5088443396226415 0.40948275862068967 0.06485849056603774
0 0.1875 0.47346698113207547 0.34051724137931033 0.07665094339622641
0 0.0668103448275862 0.5701650943396226 0.125 0.031839622641509434
0 0.822198275862069 0.5748820754716981 0.14870689655172414 0.10023584905660378
0 0.6303879310344828 0.5064858490566038 0.11422413793103449 0.0294811320754717
0 0.5668103448275862 0.4528301886792453 0.1810344827586207 0.02830188679245283
0 0.7510775862068966 0.4846698113207547 0.09698275862068965 0.06839622641509434
0 0.5204741379310345 0.41096698113207547 0.16163793103448276 0.02240566037735849